2 0.3620283015625 0.6184486375 0.518867925 0.6142557656250001 0.52358490625 0.60796645625 0.550707546875 0.6016771484375 0.5683962265625 0.57232704375 0.5636792453125 0.5513626828125 0.5495283015625 0.52620545 0.34669811250000004 0.52620545 0.32665094375 0.549266246875 0.32311320781249997 0.5618448640625 0.32665094375 0.595387840625 0.34080188749999996 0.6121593296875 0.3620283015625 0.6184486375
2 0.041273584375 0 0.0424528296875 0.012578615625000001 0.057783018750000005 0.048218029687500004 0.0872641515625 0.09643605937500001 0.10377358437499999 0.11320754687500001 0.2146226421875 0.132075471875 0.2558962265625 0.132075471875 0.2700471703125 0.1425576515625 0.30188679218750003 0.1446540875 0.3219339625 0.1656184484375 0.333726415625 0.1656184484375 0.3396226421875 0.1488469609375 0.310141509375 0.07337526250000001 0.3042452828125 0.0440251578125 0.2558962265625 0.00838574375 0.2228773578125 0 0.1933962265625 0.0062893078125000005 0.17924528281250002 0 0.041273584375 0
2 0.5353773578125 0.5199161421875 0.54834905625 0.513626834375 0.569575471875 0.4842767296875 0.5471698109375 0.4381551359375 0.3502358484375 0.431865828125 0.3372641515625 0.4381551359375 0.3207547171875 0.46331236875000004 0.3219339625 0.4968553453125 0.33608490625 0.513626834375 0.35259433906250004 0.5199161421875 0.5353773578125 0.5199161421875
2 0.37971698125 0.1194968546875 0.39740566093749996 0.12368972812500001 0.5224056609375001 0.11320754687500001 0.5330188671875 0.10062893125000001 0.5424528296875 0.07337526250000001 0.5400943390624999 0.056603773437500005 0.5330188671875 0.0440251578125 0.481132075 0.031446540625000005 0.363207546875 0.037735848437500004 0.33608490625 0.060796645312499994 0.33608490625 0.094339621875 0.3573113203125 0.12368972812500001 0.367924528125 0.1257861640625 0.37971698125 0.1194968546875
2 0.0872641515625 0.20754717031249997 0.1002358484375 0.213836478125 0.11556603750000001 0.20964360625 0.22169811250000002 0.2201257859375 0.2995283015625 0.23689727500000002 0.3042452828125 0.2431865828125 0.331367925 0.23689727500000002 0.3396226421875 0.22641509375000002 0.32900943437499997 0.18238993750000002 0.30188679218750003 0.1488469609375 0.268867925 0.1488469609375 0.16509433906249998 0.1257861640625 0.1214622640625 0.1257861640625 0.1143867921875 0.1194968546875 0.0801886796875 0.1194968546875 0.0542452828125 0.1383647796875 0.04834905625 0.1488469609375 0.0542452828125 0.17190775625000002 0.0801886796875 0.194968553125 0.0872641515625 0.20754717031249997
2 0.3469551890625 0.41997484218750003 0.535634434375 0.41997484218750003 0.5521438671875 0.40320335468749996 0.562757075 0.3843354296875 0.5639363203125 0.37385324999999997 0.5474268875 0.342406709375 0.5368136796874999 0.3361174 0.394125 0.32563522031250003 0.333983490625 0.331924528125 0.331625 0.3382138359375 0.32454952812500004 0.3382138359375 0.305681603125 0.37804612187500003 0.3115778296875 0.37804612187500003 0.333983490625 0.413685534375 0.3469551890625 0.41997484218750003
2 0.5377358484375 0.22641509375000002 0.52358490625 0.213836478125 0.353773584375 0.213836478125 0.344339621875 0.2306079671875 0.34669811250000004 0.23689727500000002 0.53891509375 0.23689727500000002 0.5377358484375 0.22641509375000002
2 0.285505896875 0.333104821875 0.3090908015625 0.333104821875 0.319704009375 0.3163333328125 0.31734551875 0.297465409375 0.303194575 0.2765010484375 0.305553065625 0.2534402515625 0.28078891562499997 0.23876519843750002 0.155788915625 0.2219937109375 0.08857193437500001 0.2219937109375 0.059090801562499996 0.24086163593749998 0.0472983484375 0.25553668749999997 0.056732310937499995 0.278597484375 0.1015436328125 0.3163333328125 0.2725341984375 0.3268155140625 0.285505896875 0.333104821875
2 0.3030660375 0.51781970625 0.3183962265625 0.5031446546875 0.319575471875 0.454926625 0.314858490625 0.44234800781250005 0.2971698109375 0.431865828125 0.10141509374999999 0.4192872125 0.081367925 0.431865828125 0.0448113203125 0.47379455000000004 0.043632075 0.4800838578125 0.056603773437500005 0.49475890937500006 0.0919811328125 0.51781970625 0.3030660375 0.51781970625
2 0.29599056562500003 0.42138364843750004 0.3136792453125 0.4192872125 0.3207547171875 0.4067085953125 0.3066037734375 0.3794549265625 0.31721698125 0.35010482187499997 0.3042452828125 0.3375262046875 0.10141509374999999 0.3207547171875 0.0719339625 0.3375262046875 0.0542452828125 0.3605870015625 0.053066037499999996 0.3668763109375 0.07075471718750001 0.396226415625 0.1025943390625 0.41299790312500007 0.29599056562500003 0.42138364843750004
2 0.2877358484375 0.6142557656250001 0.3160377359375 0.60796645625 0.32311320781249997 0.595387840625 0.319575471875 0.5807127875 0.32311320781249997 0.5429769390625 0.31721698125 0.532494759375 0.3042452828125 0.52620545 0.1002358484375 0.52620545 0.057783018750000005 0.5660377359375001 0.060141509375 0.5786163515625 0.0754716984375 0.595387840625 0.10613207499999999 0.6121593296875 0.2877358484375 0.6142557656250001
2 0.33608490625 0.3249475890625 0.5330188671875 0.331236896875 0.5683962265625 0.2851153046875 0.5424528296875 0.2431865828125 0.4622641515625 0.23689727500000002 0.356132075 0.2431865828125 0.3502358484375 0.23689727500000002 0.33490566093749996 0.23689727500000002 0.31721698125 0.249475890625 0.30778301875 0.2662473796875 0.30778301875 0.27882599531249996 0.31721698125 0.2851153046875 0.33608490625 0.3249475890625
2 0.4609563671875 0.696016771875 0.545862028125 0.6897274640625 0.5659091984375 0.672955975 0.5694469343749999 0.65408805 0.54822051875 0.6142557656250001 0.534069575 0.6142557656250001 0.42911674531250005 0.6247379453125 0.3430318390625 0.6247379453125 0.32770165156250003 0.6603773578125 0.32652240625 0.6792452828125 0.3359563671875 0.6897274640625 0.3760507078125 0.696016771875 0.4609563671875 0.696016771875
2 0.47641509375 0.20754717031249997 0.516509434375 0.20754717031249997 0.5247641515625 0.20125786093750003 0.5471698109375 0.159329140625 0.5495283015625 0.1425576515625 0.5330188671875 0.1194968546875 0.481132075 0.1194968546875 0.40448113281250003 0.1299790359375 0.3808962265625 0.1257861640625 0.363207546875 0.1299790359375 0.344339621875 0.1488469609375 0.33844339687499997 0.159329140625 0.3667452828125 0.20754717031249997 0.46344339687499997 0.213836478125 0.47641509375 0.20754717031249997
2 0.28655660312500003 0.696016771875 0.314858490625 0.6897274640625 0.32900943437499997 0.649895178125 0.324292453125 0.62683438125 0.3136792453125 0.6184486375 0.10377358437499999 0.6184486375 0.0849056609375 0.62683438125 0.07075471718750001 0.641509434375 0.0660377359375 0.6666666671875 0.0719339625 0.685534590625 0.1002358484375 0.696016771875 0.28655660312500003 0.696016771875