2 0.133597884375 0.5257936515625 0.133597884375 0.52802579375 0.134589946875 0.5257936515625 0.133597884375 0.5257936515625
2 0.39417989375 0.9908234125 0.39417989375 0.994295634375 0.39451058125 0.9913194437499999 0.39417989375 0.9908234125
2 0.450396825 0.9756944437499999 0.44907407343749994 0.9756944437499999 0.44874338593749996 0.9769345234375001 0.4500661375 0.9771825390625001 0.44907407343749994 0.9764384921874999 0.450396825 0.9756944437499999
2 0.4894179890625 0.9697420640625 0.48842592656250006 0.9704861109375 0.4920634921875 0.9704861109375 0.491071428125 0.969494046875 0.4894179890625 0.9697420640625
2 0.477513228125 0.9729662703124999 0.47896825468750004 0.9739583328125001 0.484457671875 0.9734623015625001 0.484457671875 0.9704861109375 0.48048941875000006 0.9707341265625 0.4768518515625 0.9732142859374999 0.4738756609375 0.969494046875 0.471891534375 0.9697420640625 0.47089947031249996 0.9704861109375 0.47321428593750003 0.9742063484375001 0.4772486765625 0.9739583328125001 0.477513228125 0.9729662703124999
2 0.35648148125 0.9697420640625 0.35648148125 0.9704861109375 0.36044973593749996 0.9704861109375 0.359457671875 0.969494046875 0.35648148125 0.9697420640625
2 0.4546957671875 0.971230159375 0.45667989374999995 0.9707341265625 0.45667989374999995 0.96924603125 0.4517195765625 0.971726190625 0.45105820156250004 0.974950396875 0.452711640625 0.9751984125 0.4543650796875 0.9734623015625001 0.4546957671875 0.971230159375
2 0.34391534375 0.969494046875 0.3429232796875 0.9702380953124999 0.3458994703125 0.9704861109375 0.3452380953125 0.96875 0.34391534375 0.969494046875
2 0.421626984375 0.9734623015625001 0.41732804218749997 0.968005953125 0.41005290937499994 0.968005953125 0.408730159375 0.96924603125 0.408730159375 0.9737103171875001 0.40972222187499996 0.9742063484375001 0.41931216875 0.9742063484375001 0.421626984375 0.9734623015625001
2 0.840277778125 0.8350694437499999 0.8369709000000001 0.8427579359375 0.8363095234375001 0.8492063484375001 0.841269840625 0.8516865078125001 0.8475529093749999 0.8529265875 0.871362434375 0.8541666671874999 0.8759920640625 0.85342261875 0.890211640625 0.853174603125 0.89417989375 0.8519345234375001 0.902777778125 0.8541666671874999 0.928240740625 0.8544146828124999 0.9414682546875 0.856398809375 0.9546957671875 0.8554067453125 0.9629629625 0.8526785718750001 0.9672619046875001 0.8489583328125001 0.9679232796875 0.8454861109375 0.9708994703125 0.8427579359375 0.974867725 0.8368055562500001 0.9761904765624999 0.8204365078125001 0.9824735453125 0.8040674609374999 0.9828042328125 0.794394840625 0.9854497359375 0.7829861109375 0.9861111109375 0.77157738125 0.9854497359375 0.750248015625 0.983796296875 0.7450396828125 0.984126984375 0.7306547625 0.98082010625 0.7291666671875 0.9576719578124999 0.7266865078125 0.94312169375 0.7266865078125 0.9332010578125001 0.7254464281249999 0.903108465625 0.7251984125 0.8951719578124999 0.7239583328125 0.8703703703125001 0.7242063484375 0.8604497359375 0.7229662703125 0.8369709000000001 0.7229662703125 0.8349867718749999 0.7266865078125 0.8346560843749999 0.7383432546875001 0.833664021875 0.7418154765625 0.8353174609374999 0.765625 0.8346560843749999 0.7802579359374999 0.8326719578124999 0.7862103171875 0.83167989375 0.793898809375 0.828373015625 0.796875 0.8267195765625001 0.8005952375 0.825396825 0.812251984375 0.8250661375 0.828869046875 0.828042328125 0.8325892859374999 0.8392857140625001 0.834325396875 0.840277778125 0.8350694437499999
2 0.178240740625 0.9079861109375 0.21164021093750002 0.9104662703124999 0.22585978906249998 0.9129464281249999 0.2397486765625 0.9129464281249999 0.24966931250000002 0.9151785718750001 0.2609126984375 0.9154265875 0.26851851875 0.9166666671874999 0.278439153125 0.9166666671874999 0.284391534375 0.9179067453125 0.3201058203125 0.921626984375 0.32771164062499997 0.921626984375 0.33201058125 0.918898809375 0.33498677187500003 0.9151785718750001 0.3356481484375 0.9050099203125 0.334325396875 0.9007936515624999 0.3389550265625 0.8834325390625001 0.3353174609375 0.8816964281249999 0.328373015625 0.88095238125 0.2919973546875 0.8802083328125001 0.2791005296875 0.877976190625 0.24107142812500001 0.877976190625 0.2384259265625 0.8772321421875 0.21693121718750003 0.878472221875 0.1795634921875 0.877976190625 0.171957671875 0.8797123015625001 0.1640211640625 0.8797123015625001 0.1554232796875 0.8893849203125 0.1504629625 0.8993055562500001 0.1507936515625 0.9025297625 0.15376984062500001 0.9042658734375 0.1673280421875 0.905505953125 0.178240740625 0.9079861109375
2 0.322089946875 0.56572420625 0.3227513234375 0.577876984375 0.3250661375 0.5820932546875001 0.3267195765625 0.596230159375 0.328042328125 0.5989583328125 0.328373015625 0.637648809375 0.325396825 0.6453373015625 0.3230820109375 0.6470734125 0.3230820109375 0.6507936515625 0.3240740734375 0.6517857140625 0.3303571421875 0.6542658734375 0.3419312171875 0.656498015625 0.359126984375 0.65674603125 0.365410053125 0.6550099203124999 0.38095238125 0.6540178578125 0.3918650796875 0.6517857140625 0.40277777812500004 0.6512896828125 0.40707672031250003 0.650049603125 0.41765872968749995 0.65029761875 0.41997354531250003 0.6483134921875 0.424603175 0.6475694437499999 0.428240740625 0.6453373015625 0.428240740625 0.643353175 0.42625661406250004 0.6416170640625001 0.42625661406250004 0.640625 0.427910053125 0.6396329359374999 0.453042328125 0.6393849203124999 0.459986771875 0.6388888890625 0.46164021093749996 0.638144840625 0.474867725 0.638144840625 0.4794973546875 0.6366567453124999 0.4794973546875 0.6230158734375 0.47883597812499995 0.612103175 0.477843915625 0.609623015625 0.477843915625 0.5992063484375 0.4761904765625 0.5927579359374999 0.4761904765625 0.5820932546875001 0.4765211640625 0.5771329359374999 0.47850529062499997 0.575396825 0.4791666671875 0.5731646828125 0.47883597812499995 0.5672123015625 0.48082010625000005 0.560019840625 0.47850529062499997 0.549603175 0.4761904765625 0.546130953125 0.4751984125 0.54092261875 0.4705687828125 0.5292658734375 0.46031746093750003 0.5270337296875 0.45502645468749997 0.527777778125 0.43683862500000004 0.5270337296875 0.43154761875 0.52802579375 0.41832010625000005 0.5267857140625 0.40707672031250003 0.5267857140625 0.4014550265625 0.525545634375 0.39318783125 0.525545634375 0.390542328125 0.5267857140625 0.3885582015625 0.5267857140625 0.384589946875 0.525545634375 0.3624338625 0.525545634375 0.35548941875 0.5243055562500001 0.3396164015625 0.525049603125 0.3240740734375 0.5243055562500001 0.31911375625 0.5257936515625 0.3201058203125 0.5391865078125 0.31878306875 0.5456349203124999 0.31911375625 0.5545634921875 0.322089946875 0.56572420625
2 0.2328042328125 0.3172123015625 0.2328042328125 0.32465277812500004 0.23511904687500002 0.3333333328125 0.2374338625 0.3501984125 0.246693121875 0.365575396875 0.25099206406249996 0.37152777812500004 0.258597884375 0.3792162703125 0.2602513234375 0.3831845234375 0.2605820109375 0.39955357187499996 0.25661375625 0.42534722187499996 0.25562169375 0.43824404687499996 0.25628306875 0.446428571875 0.2546296296875 0.44940476250000005 0.252645503125 0.4699900796875 0.252976190625 0.477678571875 0.2546296296875 0.481646825 0.26124338593749996 0.4828869046875 0.2728174609375 0.4833829359375 0.2870370375 0.4828869046875 0.29332010625 0.481894840625 0.3075396828125 0.48214285781250005 0.328042328125 0.48040674531249994 0.36375661406250004 0.48040674531249994 0.372023809375 0.481646825 0.39351851875 0.48214285781250005 0.43386243437500005 0.48214285781250005 0.4421296296875 0.481398809375 0.4424603171875 0.4769345234375 0.43386243437500005 0.46502976250000005 0.4325396828125 0.4605654765625 0.4295634921875 0.45634920625 0.4292328046875 0.453373015625 0.4265873015625 0.44940476250000005 0.42757936562500004 0.44717261875 0.42757936562500004 0.44171627031250005 0.42559523749999995 0.43526785781250005 0.4229497359375 0.4310515875 0.421626984375 0.42559523749999995 0.41898148125 0.421626984375 0.41765872968749995 0.412450396875 0.41832010625000005 0.4007936515625 0.4209656078125 0.393105159375 0.42129629687500003 0.3869047625 0.4229497359375 0.3841765875 0.4236111109375 0.37946428593750003 0.42559523749999995 0.3767361109375 0.42559523749999995 0.3730158734375 0.4242724875 0.3695436515625 0.41997354531250003 0.36284722187499996 0.4209656078125 0.3571428578125 0.41865079375 0.3417658734375 0.41898148125 0.3373015875 0.4203042328125 0.33134920625 0.4269179890625 0.3229166671875 0.42757936562500004 0.3196924609375 0.4325396828125 0.312748015625 0.43518518593750005 0.3050595234375 0.43518518593750005 0.3033234125 0.4325396828125 0.3008432546875 0.427910053125 0.30133928593750003 0.4232804234375 0.3005952375 0.400132275 0.30034722187499996 0.397156084375 0.299355159375 0.3515211640625 0.299355159375 0.3419312171875 0.2981150796875 0.2754629625 0.297619046875 0.26752645468749997 0.2991071421875 0.240740740625 0.2983630953125 0.23379629687499998 0.299355159375 0.23048941875 0.3018353171875 0.227513228125 0.302579365625 0.2265211640625 0.3033234125 0.22685185156249998 0.306795634375 0.23048941875 0.3105158734375 0.2328042328125 0.3172123015625
2 0 0.963045634375 0.003637565625 0.9642857140625001 0.015211640625 0.9642857140625001 0.01818783125 0.9637896828124999 0.022486771875 0.9605654765624999 0.0238095234375 0.9570932546875 0.027777778125000003 0.952876984375 0.0304232796875 0.94717261875 0.0330687828125 0.9441964281249999 0.034391534375 0.940972221875 0.0367063484375 0.9392361109375 0.0390211640625 0.934523809375 0.046957671875 0.925347221875 0.049933862499999995 0.9196428578125 0.057539682812500006 0.9114583328125001 0.06878306875 0.8948412703124999 0.075396825 0.887648809375 0.077380953125 0.8802083328125001 0.075396825 0.87822420625 0.072420634375 0.877976190625 0.0707671953125 0.8769841265625 0.052910053125 0.8767361109375 0.046626984375 0.87549603125 0.0304232796875 0.874255953125 0.0112433859375 0.8740079359375 0.002976190625 0.87549603125 0.0013227515625 0.8769841265625 0 0.8769841265625 0 0.963045634375
2 0.666335978125 0.7380952375 0.6646825390625 0.7480158734375 0.6653439156250001 0.7695932546875001 0.6643518515625 0.7767857140625 0.666005290625 0.796626984375 0.6633597890625 0.803075396875 0.662367725 0.810019840625 0.6607142859375 0.8139880953124999 0.6600529093749999 0.8239087296875001 0.6607142859375 0.8266369046875001 0.6630290999999999 0.827876984375 0.6603835984375 0.8333333328125001 0.6607142859375 0.83779761875 0.6630290999999999 0.838045634375 0.6643518515625 0.8370535718750001 0.6673280421875 0.838045634375 0.6703042328125 0.8422619046875001 0.6798941796875 0.8454861109375 0.6960978843750001 0.846478175 0.6987433859375 0.8454861109375 0.7046957671875 0.8454861109375 0.7116402109375 0.84325396875 0.7166005296875 0.84424603125 0.7205687828125 0.843005953125 0.733796296875 0.84424603125 0.7423941796875 0.8479662703124999 0.7619047625 0.84970238125 0.76851851875 0.8519345234375001 0.7724867718749999 0.8514384921874999 0.775132275 0.8526785718750001 0.7867063484375 0.8514384921874999 0.7893518515625 0.8504464281249999 0.799603175 0.8504464281249999 0.8141534390625 0.8492063484375001 0.8171296296874999 0.8477182546875 0.81845238125 0.84424603125 0.81845238125 0.84052579375 0.8164682546875 0.8345734125 0.8197751328124999 0.830605159375 0.821759259375 0.8241567453125 0.821759259375 0.796626984375 0.82473545 0.7745535718750001 0.825396825 0.7569444437499999 0.8267195765625001 0.7457837296875 0.8293650796875 0.7413194437499999 0.83167989375 0.731894840625 0.83101851875 0.7256944437499999 0.8260582015625 0.7232142859375 0.8164682546875 0.7227182546875001 0.811838625 0.721726190625 0.7919973546875 0.721726190625 0.7867063484375 0.7207341265625 0.7774470906250001 0.7204861109375 0.7632275125 0.7209821421875 0.747354496875 0.71924603125 0.7080026453125 0.718998015625 0.6832010578125 0.7175099203124999 0.6736111109375 0.71552579375 0.671296296875 0.713045634375 0.66931216875 0.71279761875 0.666005290625 0.7103174609375 0.6643518515625 0.7068452375 0.6613756609375 0.7110615078125 0.6617063484375 0.7199900796875001 0.6640211640625 0.7274305562500001 0.666005290625 0.7304067453124999 0.666335978125 0.7380952375
2 0.503306878125 0.896825396875 0.502976190625 0.8973214281249999 0.5046296296875 0.8980654765624999 0.5049603171875 0.8970734125 0.503306878125 0.896825396875
2 0.5390211640625 0.890873015625 0.5416666671875 0.890376984375 0.5390211640625 0.8896329359375 0.5390211640625 0.890873015625
2 0.4229497359375 0.9201388890625 0.4209656078125 0.925347221875 0.415013228125 0.934771825 0.415343915625 0.93799603125 0.41798941875000006 0.940972221875 0.421626984375 0.9417162703124999 0.42559523749999995 0.940476190625 0.428240740625 0.9417162703124999 0.4322089953125 0.9417162703124999 0.43419312187500003 0.940476190625 0.440145503125 0.940228175 0.44179894218750004 0.9394841265625 0.47255290937499994 0.940228175 0.4890873015625 0.9389880953124999 0.4923941796875 0.93799603125 0.4947089953125 0.9357638890625 0.50595238125 0.9365079359375 0.5102513234375 0.9357638890625 0.5105820109375 0.935019840625 0.5119047625 0.9357638890625 0.5142195765625 0.9355158734375 0.5046296296875 0.9325396828124999 0.5019841265625 0.93427579375 0.49768518593750005 0.93427579375 0.4947089953125 0.9325396828124999 0.49669312187500003 0.9255952375 0.497023809375 0.9134424609374999 0.5 0.90674603125 0.5009920640625001 0.893353175 0.5052910046875 0.8926091265625 0.5072751328125 0.890376984375 0.5052910046875 0.8869047625 0.5013227515625001 0.8891369046875001 0.49933862500000004 0.8866567453125 0.490740740625 0.88467261875 0.4834656078125 0.88467261875 0.48015872968749995 0.8854166671874999 0.4613095234375 0.884424603125 0.44907407343749994 0.8854166671874999 0.44345238125 0.884424603125 0.43551587343750003 0.884424603125 0.4325396828125 0.8869047625 0.4298941796875 0.89384920625 0.42757936562500004 0.900545634375 0.4265873015625 0.9077380953124999 0.4236111109375 0.9144345234375001 0.4229497359375 0.9201388890625
2 0.7132936515625 0.9615575390625001 0.7113095234375 0.9618055562500001 0.7109788359375 0.9632936515624999 0.7129629625 0.965277778125 0.715277778125 0.963045634375 0.7132936515625 0.9615575390625001
2 0.4517195765625 0.3516865078125 0.4513888890625 0.36284722187499996 0.4546957671875 0.3700396828125 0.4580026453125 0.3730158734375 0.459325396875 0.375744046875 0.4613095234375 0.38194444375000003 0.4623015875 0.3948412703125 0.4639550265625 0.3970734125 0.46494709062500006 0.40426587343750003 0.4699074078125 0.415178571875 0.4738756609375 0.42137896875 0.474867725 0.42509920625 0.47453703750000004 0.4357638890625 0.47222222187499996 0.446428571875 0.46825396875 0.4516369046875 0.466269840625 0.45758928593750003 0.45866402187500005 0.46825396875 0.45667989374999995 0.4734623015625 0.45634920625 0.48065476250000005 0.45866402187500005 0.481646825 0.46825396875 0.4826388890625 0.484457671875 0.481894840625 0.4867724875 0.4826388890625 0.4947089953125 0.48214285781250005 0.509589946875 0.4828869046875 0.5224867718749999 0.481646825 0.5648148140625 0.481894840625 0.5710978843750001 0.48040674531249994 0.5796957671875 0.48015872968749995 0.5849867718749999 0.48040674531249994 0.587632275 0.481646825 0.6130952375 0.4826388890625 0.6289682546875001 0.481398809375 0.640211640625 0.478174603125 0.641203703125 0.4766865078125 0.641203703125 0.47321428593750003 0.634589946875 0.4605654765625 0.6329365078125 0.4456845234375 0.634589946875 0.44122023749999995 0.6375661375 0.4392361109375 0.6392195765625 0.4362599203125 0.6392195765625 0.4293154765625 0.6375661375 0.42237103125 0.637896825 0.40947420625 0.6392195765625 0.403521825 0.6425264546875 0.3978174609375 0.6445105812499999 0.390873015625 0.64417989375 0.37053571406249997 0.6455026453125 0.361855159375 0.64417989375 0.3544146828125 0.6451719578125 0.3457341265625 0.6474867718749999 0.3395337296875 0.6488095234375 0.330605159375 0.6488095234375 0.3125 0.6474867718749999 0.30803571406249997 0.6445105812499999 0.306795634375 0.6335978843750001 0.306795634375 0.6302910046875 0.30803571406249997 0.6246693125 0.3070436515625 0.615740740625 0.3087797625 0.6117724875 0.30803571406249997 0.597222221875 0.30803571406249997 0.5925925921874999 0.3070436515625 0.58101851875 0.3075396828125 0.5744047625 0.30555555624999997 0.5628306875 0.30654761875 0.55621693125 0.3045634921875 0.5380290999999999 0.3053075390625 0.5291005296875 0.30381944375000003 0.5254629625 0.3040674609375 0.5231481484375 0.303075396875 0.5046296296875 0.303075396875 0.484788359375 0.3018353171875 0.4580026453125 0.3018353171875 0.44973545000000004 0.30357142812500004 0.4484126984375 0.30927579375 0.4477513234375 0.325644840625 0.45105820156250004 0.3345734125 0.44907407343749994 0.3420138890625 0.4517195765625 0.3516865078125
2 0.528769840625 0.9417162703124999 0.5426587296875 0.943204365625 0.5548941796875 0.9479166671874999 0.55654761875 0.9479166671874999 0.5608465609375 0.950396825 0.5710978843750001 0.9513888890625 0.5916005296875 0.9481646828124999 0.5929232796874999 0.9464285718750001 0.59325396875 0.9389880953124999 0.5955687828125 0.9355158734375 0.596560846875 0.9166666671874999 0.5955687828125 0.9117063484375001 0.5916005296875 0.9040178578125 0.591269840625 0.900545634375 0.587632275 0.8973214281249999 0.5856481484375 0.890625 0.5760582015625 0.887896825 0.559523809375 0.887896825 0.552579365625 0.8866567453125 0.5357142859375 0.8869047625 0.5201719578125 0.8866567453125 0.5132275125 0.8856646828124999 0.5046296296875 0.8859126984374999 0.5016534390625 0.888144840625 0.5003306875 0.890376984375 0.4990079359375 0.9107142859374999 0.49404761875 0.9310515875 0.49371693125 0.9355158734375 0.49570105781249996 0.9375 0.51851851875 0.93799603125 0.528769840625 0.9417162703124999
2 0.0416666671875 0.9650297625 0.053571428125 0.9645337296875001 0.0823412703125 0.96552579375 0.091269840625 0.9677579359375 0.0988756609375 0.9677579359375 0.103505290625 0.9640376984374999 0.10648148125000001 0.9585813484375001 0.10912698437499999 0.95634920625 0.1104497359375 0.952380953125 0.11507936562500001 0.9466765875 0.12003968281249999 0.9389880953124999 0.1203703703125 0.93700396875 0.133928571875 0.919146825 0.134920634375 0.91592261875 0.13723544999999998 0.9139384921874999 0.1392195765625 0.90947420625 0.14781746093749998 0.8978174609374999 0.14947090000000002 0.893353175 0.1521164015625 0.890376984375 0.1547619046875 0.8797123015625001 0.1514550265625 0.877976190625 0.1418650796875 0.877976190625 0.1359126984375 0.8792162703124999 0.1296296296875 0.8792162703124999 0.12665343906249998 0.877976190625 0.11838624375 0.877976190625 0.1137566140625 0.8792162703124999 0.08630952343750001 0.8797123015625001 0.0790343921875 0.8819444437499999 0.071759259375 0.89384920625 0.06878306875 0.896329365625 0.065806878125 0.9012896828124999 0.06316137499999999 0.903273809375 0.057539682812500006 0.9129464281249999 0.052910053125 0.9171626984374999 0.0509259265625 0.92137896875 0.033730159375 0.9419642859374999 0.0304232796875 0.94717261875 0.027777778125000003 0.9541170640625 0.0241402109375 0.9583333328125001 0.0238095234375 0.9632936515624999 0.025462962500000002 0.9650297625 0.0386904765625 0.9642857140625001 0.0416666671875 0.9650297625