2 0.2420634921875 0.747023809375 0.24173280468749997 0.7480158734375 0.24933862499999998 0.7480158734375 0.24570105781249998 0.74677579375 0.2420634921875 0.747023809375
2 0.25551157343750003 0.7480158734375 0.253637565625 0.7480158734375 0.2635582015625 0.7487599203124999 0.2660212546875 0.7471435421875 0.2625661375 0.7462797625 0.2552910046875 0.747023809375 0.25551157343750003 0.7480158734375
2 0.26714489218750004 0.74742445 0.2668650796875 0.7482638890625 0.271164021875 0.747519840625 0.272156084375 0.7482638890625 0.2748015875 0.7480158734375 0.2728174609375 0.747023809375 0.26752645468749997 0.747519840625 0.26714489218750004 0.74742445
2 0.14748677187499998 0.7393353171875 0.153439153125 0.737847221875 0.1484788359375 0.7358630953125 0.134589946875 0.7358630953125 0.1329365078125 0.737103175 0.1332671953125 0.737847221875 0.140542328125 0.7380952375 0.14748677187499998 0.7393353171875
2 0.1769179890625 0.73759920625 0.1742724875 0.7358630953125 0.1703042328125 0.7353670640625001 0.16798941875 0.7331349203124999 0.1643518515625 0.7353670640625001 0.1550925921875 0.737103175 0.1547619046875 0.7380952375 0.15641534375 0.7393353171875 0.1673280421875 0.740575396875 0.1769179890625 0.73759920625
2 0.14914021093750002 0.7306547625 0.1514550265625 0.7306547625 0.1504629625 0.7301587296875 0.14914021093750002 0.7306547625
2 0.1749338625 0.7294146828125 0.1749338625 0.731646825 0.178240740625 0.731894840625 0.178571428125 0.7304067453124999 0.1749338625 0.7294146828125
2 0.1977513234375 0.7269345234375 0.1957671953125 0.7239583328125 0.19378306875 0.7239583328125 0.19411375625 0.7271825390625 0.196759259375 0.7279265875 0.1977513234375 0.7269345234375
2 0.3078703703125 0.7232142859375 0.3075396828125 0.7242063484375 0.3105158734375 0.7254464281249999 0.31150793593750004 0.7234623015625 0.3078703703125 0.7232142859375
2 0.184193121875 0.7197420640625001 0.1861772484375 0.71875 0.18650793593749998 0.7167658734375 0.1822089953125 0.71552579375 0.18154761875 0.7177579359374999 0.1855158734375 0.721726190625 0.18584656093750002 0.7207341265625 0.184193121875 0.7197420640625001
2 0.2741402109375 0.7256944437499999 0.2757936515625 0.7304067453124999 0.2771164015625 0.731646825 0.2827380953125 0.7333829359374999 0.2883597890625 0.7232142859375 0.283730159375 0.719494046875 0.2791005296875 0.71924603125 0.277447090625 0.718005953125 0.2764550265625 0.71552579375 0.2738095234375 0.715277778125 0.2708333328125 0.716269840625 0.27017195781250003 0.7167658734375 0.272156084375 0.7170138890625 0.2748015875 0.7202380953125 0.2741402109375 0.7256944437499999
2 0.227843915625 0.718005953125 0.2255291 0.7170138890625 0.227843915625 0.715773809375 0.22685185156249998 0.713045634375 0.2255291 0.7140376984375 0.2251984125 0.7167658734375 0.22585978906249998 0.71875 0.22718253906250002 0.71924603125 0.227843915625 0.718005953125
2 0.166005290625 0.7080853171875 0.1643518515625 0.70634920625 0.1626984125 0.7080853171875 0.16236772500000002 0.7110615078125 0.16501322812500002 0.7115575390625 0.1666666671875 0.7105654765625 0.166005290625 0.7080853171875
2 0.1769179890625 0.7051091265625 0.17162698437499999 0.7053571421875 0.17162698437499999 0.7080853171875 0.1755952375 0.7080853171875 0.1772486765625 0.7068452375 0.1769179890625 0.7051091265625
2 0.95568783125 0.8454861109375 0.9583333328125001 0.8452380953124999 0.95601851875 0.8447420640625 0.95568783125 0.8454861109375
2 0.7979497359375001 0.7083333328125 0.7986111109375 0.7115575390625 0.8005952375 0.713045634375 0.8022486765625001 0.7177579359374999 0.8042328046874999 0.719494046875 0.8048941796875001 0.7227182546875001 0.8075396828124999 0.7254464281249999 0.809523809375 0.744295634375 0.8128306875 0.7487599203124999 0.822089946875 0.7554563484375 0.8270502640625 0.7566964281249999 0.8455687828125 0.7566964281249999 0.849867725 0.7579365078125 0.8640873015625001 0.7581845234375 0.86871693125 0.7591765875 0.896825396875 0.7609126984375 0.8991402109375001 0.7616567453124999 0.912367725 0.7616567453124999 0.9173280421875001 0.762648809375 0.9520502640625 0.7646329359374999 0.9642857140625001 0.7643849203124999 0.966269840625 0.76512896875 0.990079365625 0.7638888890625 0.9950396828124999 0.762896825 0.9980158734375 0.7606646828125 0.9996693125 0.7606646828125 0.9996693125 0.7078373015625 0.9976851859375 0.7075892859375 0.9910714281249999 0.6981646828125 0.9854497359375 0.6951884921875 0.984126984375 0.6922123015625 0.98115079375 0.689980159375 0.9804894187500001 0.688244046875 0.978835978125 0.687748015625 0.9768518515625001 0.685019840625 0.9738756609375001 0.6837797625 0.9672619046875001 0.6852678578125 0.95568783125 0.6855158734375 0.9351851859375 0.6830357140625 0.922619046875 0.6830357140625 0.9146825390625001 0.6808035718750001 0.9117063484375001 0.681795634375 0.8988095234375001 0.6805555562500001 0.8921957671875 0.681299603125 0.88723545 0.6803075390625 0.8763227515625 0.6803075390625 0.8740079359375 0.6795634921875 0.865079365625 0.6795634921875 0.853835978125 0.681299603125 0.8452380953124999 0.6800595234375 0.8303571421875 0.6800595234375 0.8201058203124999 0.6808035718750001 0.8111772484375 0.6825396828125 0.8058862437500001 0.6808035718750001 0.8005952375 0.6805555562500001 0.7953042328125 0.681795634375 0.7886904765625 0.6892361109375 0.7886904765625 0.6961805562500001 0.791005290625 0.6981646828125 0.7953042328125 0.705605159375 0.7979497359375001 0.7083333328125
2 0.7678571421875 0.88740079375 0.7668650796875001 0.89384920625 0.76917989375 0.8943452375 0.76884920625 0.8854166671874999 0.7678571421875 0.88740079375
2 0.7830687828125 0.8854166671874999 0.7863756609375 0.8841765875 0.7893518515625 0.8851686515624999 0.7900132281250001 0.8834325390625001 0.7857142859375 0.8826884921874999 0.7830687828125 0.8802083328125001 0.78141534375 0.8797123015625001 0.7800925921874999 0.880704365625 0.778108465625 0.8794642859374999 0.7741402109375 0.8794642859374999 0.7738095234375 0.8804563484375001 0.775132275 0.88095238125 0.7800925921874999 0.88095238125 0.7830687828125 0.8854166671874999
2 0.6375661375 0.8764880953124999 0.637896825 0.8730158734375 0.6329365078125 0.8730158734375 0.6362433859375 0.874255953125 0.6365740734374999 0.8767361109375 0.6375661375 0.8764880953124999
2 0.5988756609375 0.8797123015625001 0.6018518515625 0.8821924609374999 0.6054894187500001 0.8829365078125001 0.60582010625 0.88095238125 0.6074735453125 0.8797123015625001 0.60582010625 0.8762400796875 0.6081349203124999 0.8730158734375 0.6107804234375 0.87177579375 0.615740740625 0.872023809375 0.6200396828125 0.8710317453125 0.6263227515625001 0.871527778125 0.627645503125 0.8712797625 0.6289682546875001 0.8695436515624999 0.6253306875 0.86904761875 0.6246693125 0.8705357140625001 0.6236772484374999 0.8705357140625001 0.6230158734375 0.869295634375 0.6226851859375 0.8705357140625001 0.6207010578125 0.8705357140625001 0.6210317453124999 0.869295634375 0.61937830625 0.868799603125 0.6074735453125 0.8683035718750001 0.6018518515625 0.8712797625 0.5988756609375 0.8712797625 0.5988756609375 0.872519840625 0.5952380953125 0.874255953125 0.5929232796874999 0.8764880953124999 0.5945767203125001 0.8802083328125001 0.596891534375 0.8804563484375001 0.5988756609375 0.8797123015625001
2 0.36607142812500004 0.75049603125 0.36904761875 0.7517361109375 0.3773148140625 0.7517361109375 0.3796296296875 0.75049603125 0.3882275125 0.75 0.389880953125 0.749255953125 0.3955026453125 0.75 0.4232804234375 0.75 0.4427910046875 0.7487599203124999 0.465608465625 0.7487599203124999 0.4702380953125 0.75049603125 0.48015872968749995 0.750744046875 0.4857804234375 0.752976190625 0.49570105781249996 0.752976190625 0.5066137562499999 0.7566964281249999 0.5228174609375 0.7569444437499999 0.527777778125 0.7589285718750001 0.5363756609375 0.7604166671875 0.5396825390625 0.762648809375 0.552910053125 0.7641369046875 0.5638227515625001 0.7668650796875001 0.5667989421875 0.7666170640625001 0.5710978843750001 0.762648809375 0.5750661375 0.7576884921875 0.5763888890625 0.7542162703125 0.575396825 0.74677579375 0.5727513234375 0.7415674609375 0.571759259375 0.734623015625 0.56878306875 0.7294146828125 0.5671296296875 0.7204861109375 0.559523809375 0.712549603125 0.5555555562500001 0.6917162703125 0.5505952375 0.67509920625 0.5505952375 0.671875 0.547288359375 0.6669146828125 0.54332010625 0.6654265875 0.5327380953125 0.66592261875 0.5115740734374999 0.6651785718750001 0.5085978843750001 0.6679067453124999 0.5046296296875 0.6681547625 0.502645503125 0.669146825 0.49404761875 0.6696428578125 0.4791666671875 0.6679067453124999 0.4636243390625 0.6708829359374999 0.4265873015625 0.6701388890625 0.40674603125 0.67137896875 0.3918650796875 0.668402778125 0.3859126984375 0.668402778125 0.383597884375 0.669146825 0.38161375625 0.6703869046875 0.3796296296875 0.6733630953125 0.3763227515625 0.6875 0.372023809375 0.6941964281249999 0.3647486765625 0.7140376984375 0.3607804234375 0.7197420640625001 0.353835978125 0.7353670640625001 0.35350529062499997 0.7425595234375 0.35548941875 0.7487599203124999 0.3578042328125 0.750248015625 0.36607142812500004 0.75049603125
2 0.9742063484375001 0.8831845234375001 0.9702380953124999 0.8821924609374999 0.9669312171875 0.8829365078125001 0.9742063484375001 0.8831845234375001
2 0.8945105812499999 0.8759920640625 0.8948412703124999 0.8767361109375 0.9007936515624999 0.8764880953124999 0.9004629625 0.87549603125 0.8945105812499999 0.8759920640625
2 0.8072089953124999 0.47222222187499996 0.803240740625 0.47321428593750003 0.803240740625 0.475446428125 0.8075396828124999 0.475446428125 0.8082010578125001 0.4734623015625 0.8072089953124999 0.47222222187499996
2 0.8055555562500001 0.7894345234375 0.8085317453125 0.793898809375 0.8177910046875001 0.797619046875 0.8257275125 0.799355159375 0.85615079375 0.799355159375 0.862103175 0.8013392859374999 0.8733465609375 0.8018353171875001 0.8796296296874999 0.803075396875 0.887896825 0.80282738125 0.8945105812499999 0.8038194437499999 0.909391534375 0.8043154765624999 0.9143518515625001 0.8053075390625001 0.91832010625 0.8050595234375001 0.9242724875 0.806795634375 0.9490740734375 0.8082837296875001 0.9613095234375001 0.8105158734375 0.971560846875 0.810019840625 0.9996693125 0.811755953125 0.9996693125 0.768353175 0.9980158734375 0.768353175 0.9957010578125001 0.7668650796875001 0.984457671875 0.766369046875 0.98148148125 0.765376984375 0.9616402109375001 0.7666170640625001 0.9520502640625 0.765873015625 0.9460978843750001 0.7668650796875001 0.940806878125 0.7641369046875 0.9285714281249999 0.763144840625 0.922619046875 0.7641369046875 0.9176587296875001 0.7638888890625 0.9146825390625001 0.762896825 0.9004629625 0.763144840625 0.89417989375 0.7614087296875 0.884920634375 0.7616567453124999 0.8796296296874999 0.7604166671875 0.8541666671874999 0.7591765875 0.849867725 0.7579365078125 0.833664021875 0.7581845234375 0.827711640625 0.7604166671875 0.8250661375 0.7584325390625 0.81845238125 0.7564484125 0.8108465609375 0.7517361109375 0.8072089953124999 0.7509920640625001 0.80621693125 0.752728175 0.803240740625 0.7544642859375 0.8019179890625001 0.7584325390625 0.8019179890625001 0.763144840625 0.8045634921874999 0.77157738125 0.8055555562500001 0.7894345234375
2 0.8012566140624999 0.9734623015625001 0.8048941796875001 0.984623015625 0.809523809375 0.9890873015625001 0.816137565625 0.990575396875 0.8207671953125001 0.994295634375 0.8234126984374999 0.9952876984374999 0.8492063484375001 0.997023809375 0.8548280421875001 0.9962797625 0.8578042328125 0.9945436515624999 0.865079365625 0.9945436515624999 0.86937830625 0.9955357140625001 0.8753306875 0.9952876984374999 0.8796296296874999 0.9962797625 0.890873015625 0.9950396828124999 0.9004629625 0.9980158734375 0.9080687828125 0.99677579375 0.922619046875 0.99677579375 0.9289021156249999 0.9977678578125 0.9298941796875001 0.997023809375 0.9355158734375 0.9962797625 0.9421296296874999 0.99677579375 0.9460978843750001 0.99404761875 0.94973545 0.9952876984374999 0.95634920625 0.9913194437499999 0.9596560843749999 0.9920634921874999 0.9619709000000001 0.9952876984374999 0.96924603125 0.997519840625 0.9699074078125 0.99950396875 0.971230159375 0.99950396875 0.971230159375 0.9982638890625 0.9725529093749999 0.997519840625 0.9755290999999999 0.9977678578125 0.9758597890624999 0.99950396875 0.9910714281249999 0.99950396875 0.9910714281249999 0.9980158734375 0.9923941796875001 0.997023809375 0.9996693125 0.9952876984374999 0.9996693125 0.972222221875 0.996362434375 0.971726190625 0.990740740625 0.96924603125 0.9646164015625001 0.96825396875 0.9619709000000001 0.968005953125 0.9606481484374999 0.9667658734375 0.9424603171875001 0.9667658734375 0.940806878125 0.96552579375 0.9322089953124999 0.965277778125 0.9295634921874999 0.9645337296875001 0.922619046875 0.9650297625 0.9150132281250001 0.963045634375 0.9041005296875 0.96279761875 0.9021164015625001 0.9618055562500001 0.8918650796875 0.9605654765624999 0.8759920640625 0.9613095234375001 0.875 0.9605654765624999 0.86937830625 0.9600694437499999 0.865410053125 0.9583333328125001 0.8604497359375 0.9580853171875001 0.85582010625 0.9568452375 0.8488756609375001 0.956597221875 0.846560846875 0.955605159375 0.8369709000000001 0.9543650796875 0.8293650796875 0.9543650796875 0.8177910046875001 0.952876984375 0.8134920640625 0.9513888890625 0.8111772484375 0.9494047625 0.8075396828124999 0.9484126984374999 0.802910053125 0.9518849203125 0.8022486765625001 0.953373015625 0.79398148125 0.9600694437499999 0.7946428578125 0.9650297625 0.8012566140624999 0.9734623015625001
2 0.7929894187500001 0.23511904687500002 0.79398148125 0.234375 0.79332010625 0.23263888906250002 0.7929894187500001 0.23511904687500002
2 0.36805555624999997 0.9419642859374999 0.366402115625 0.9422123015625001 0.3700396828125 0.9427083328125001 0.3700396828125 0.9419642859374999 0.36805555624999997 0.9419642859374999
2 0.5767195765625 0.700644840625 0.5793650796875001 0.7078373015625 0.58134920625 0.7197420640625001 0.58167989375 0.740575396875 0.5849867718749999 0.7452876984375 0.590277778125 0.74677579375 0.5919312171875 0.7480158734375 0.5982142859375 0.749255953125 0.6160714281249999 0.74950396875 0.6269841265625 0.7514880953125 0.6369047625 0.7519841265625 0.639880953125 0.752976190625 0.6626984125 0.753472221875 0.66865079375 0.7552083328125 0.6769179890625 0.7554563484375 0.68187830625 0.7564484125 0.7083333328125 0.7571924609375 0.7433862437500001 0.7569444437499999 0.7582671953125 0.7589285718750001 0.765873015625 0.7591765875 0.7705026453125 0.7579365078125 0.796626984375 0.7584325390625 0.8005952375 0.7542162703125 0.8058862437500001 0.7452876984375 0.8075396828124999 0.7408234125 0.8075396828124999 0.731646825 0.8009259265625 0.7167658734375 0.7989417984375 0.715277778125 0.797619046875 0.7120535718750001 0.7949735453125 0.7100694437499999 0.7923280421875 0.7043650796875001 0.7886904765625 0.700644840625 0.78141534375 0.6897321421875 0.777777778125 0.686755953125 0.7721560843749999 0.685019840625 0.7638888890625 0.6808035718750001 0.7576058203125 0.6800595234375 0.7476851859375 0.6768353171875 0.7275132281250001 0.6763392859375 0.7099867718749999 0.6731150796875001 0.70634920625 0.6733630953125 0.6990740734374999 0.6755952375 0.697089946875 0.674603175 0.6875 0.6733630953125 0.666335978125 0.672619046875 0.61937830625 0.672619046875 0.5975529093749999 0.6738591265625 0.5922619046875 0.674603175 0.584325396875 0.67782738125 0.578042328125 0.6783234125 0.5734126984375 0.6805555562500001 0.571759259375 0.6820436515625 0.572089946875 0.684027778125 0.5760582015625 0.69345238125 0.5767195765625 0.700644840625
2 0.9041005296875 0.8841765875 0.9050925921875 0.8834325390625001 0.9041005296875 0.8826884921874999 0.9041005296875 0.8841765875
2 0.7572751328125 0.952876984375 0.7609126984375 0.952876984375 0.7579365078125 0.95262896875 0.7572751328125 0.952876984375
2 0.778108465625 0.9521329359375 0.777777778125 0.952876984375 0.7830687828125 0.952876984375 0.7797619046875 0.9516369046875001 0.778108465625 0.9521329359375
2 0.746693121875 0.9491567453125 0.747023809375 0.95262896875 0.753637565625 0.952876984375 0.753637565625 0.9508928578125 0.7549603171875 0.9491567453125 0.752976190625 0.950396825 0.7509920640625001 0.950396825 0.75 0.9491567453125 0.746693121875 0.9491567453125
2 0.7265211640625 0.9494047625 0.721891534375 0.9484126984374999 0.7113095234375 0.9481646828124999 0.7106481484375 0.9491567453125 0.7129629625 0.950396825 0.7242063484375 0.950148809375 0.7265211640625 0.9494047625
2 0.5955687828125 0.9429563484375001 0.5975529093749999 0.9427083328125001 0.5952380953125 0.9419642859374999 0.5955687828125 0.9429563484375001
2 0.9953703703125001 0.9040178578125 0.9983465609375 0.9017857140625001 0.9996693125 0.9017857140625001 0.9996693125 0.900545634375 0.997023809375 0.8998015875 0.9957010578125001 0.89657738125 0.99404761875 0.8975694437499999 0.99371693125 0.896329365625 0.9957010578125001 0.8943452375 0.9950396828124999 0.8918650796875 0.9930555562500001 0.8916170640625 0.9923941796875001 0.8943452375 0.99404761875 0.8980654765624999 0.99437830625 0.903521825 0.9953703703125001 0.9040178578125
2 0.9867724875 0.89012896875 0.9854497359375 0.890376984375 0.9874338625 0.8916170640625 0.9914021156249999 0.890376984375 0.9867724875 0.89012896875
2 0.8419312171875 0.877976190625 0.8429232796875 0.8767361109375 0.8416005296875 0.875744046875 0.8382936515624999 0.8764880953124999 0.8356481484374999 0.875744046875 0.827380953125 0.8759920640625 0.8267195765625001 0.8767361109375 0.8349867718749999 0.877976190625 0.837632275 0.8764880953124999 0.8419312171875 0.877976190625
2 0.80621693125 0.8759920640625 0.8055555562500001 0.8767361109375 0.8072089953124999 0.8769841265625 0.8075396828124999 0.8759920640625 0.80621693125 0.8759920640625
2 0.5982142859375 0.90302579375 0.6137566140625 0.903769840625 0.6203703703125 0.903273809375 0.6259920640625001 0.9050099203125 0.6299603171875 0.9042658734375 0.6316137562499999 0.9050099203125 0.64318783125 0.90575396875 0.6507936515625 0.905505953125 0.6541005296875 0.9072420640625 0.6574074078125001 0.9077380953124999 0.659391534375 0.90674603125 0.6772486765625 0.90674603125 0.6835317453124999 0.9079861109375 0.6921296296875 0.9077380953124999 0.6960978843750001 0.909226190625 0.70667989375 0.909226190625 0.716269840625 0.9107142859374999 0.7271825390625 0.9107142859374999 0.7294973546875 0.9117063484375001 0.7390873015625 0.9129464281249999 0.7516534390625 0.9131944437499999 0.759589946875 0.9141865078125001 0.7615740734374999 0.9151785718750001 0.7880290999999999 0.9166666671874999 0.796626984375 0.9181547625 0.803240740625 0.9179067453125 0.8055555562500001 0.9134424609374999 0.8055555562500001 0.8993055562500001 0.7953042328125 0.8861607140625001 0.79398148125 0.8816964281249999 0.7929894187500001 0.880704365625 0.7893518515625 0.8804563484375001 0.7867063484375 0.8792162703124999 0.7800925921874999 0.877976190625 0.778769840625 0.8769841265625 0.7754629625 0.8767361109375 0.7738095234375 0.87549603125 0.765873015625 0.87450396875 0.7447089953125 0.874255953125 0.7417328046875 0.8730158734375 0.735119046875 0.8727678578125 0.7291666671875 0.8730158734375 0.7261904765625 0.874255953125 0.7142857140625 0.8737599203125 0.7116402109375 0.8730158734375 0.7020502640624999 0.8727678578125 0.696759259375 0.8705357140625001 0.6851851859375 0.8700396828124999 0.6825396828125 0.869295634375 0.677910053125 0.8700396828124999 0.672288359375 0.8680555562500001 0.6650132281250001 0.8705357140625001 0.6620370375 0.8695436515624999 0.6541005296875 0.868799603125 0.6494709000000001 0.869295634375 0.6474867718749999 0.8702876984374999 0.6428571421875 0.8702876984374999 0.6365740734374999 0.8695436515624999 0.634259259375 0.8680555562500001 0.6299603171875 0.8670634921874999 0.6200396828125 0.8658234125 0.6008597890625 0.865575396875 0.5952380953125 0.8663194437499999 0.591269840625 0.8683035718750001 0.5879629625 0.8792162703124999 0.5879629625 0.8926091265625 0.591269840625 0.8978174609374999 0.5945767203125001 0.9010416671874999 0.5982142859375 0.90302579375
2 0.9947089953124999 0.8958333328125001 0.9950396828124999 0.893105159375 0.99404761875 0.893105159375 0.9947089953124999 0.8958333328125001
2 0.5879629625 0.984375 0.5945767203125001 0.9853670640625 0.6054894187500001 0.984375 0.608796296875 0.9853670640625 0.6263227515625001 0.9856150796875 0.6332671953125 0.9883432546875 0.6550925921874999 0.9893353171875001 0.6577380953125 0.99032738125 0.6646825390625 0.990575396875 0.6703042328125 0.9925595234375001 0.6792328046875 0.9925595234375001 0.6822089953125 0.9918154765624999 0.684523809375 0.9930555562500001 0.735119046875 0.994295634375 0.7410714281249999 0.9955357140625001 0.753306878125 0.9955357140625001 0.7576058203125 0.996527778125 0.766203703125 0.9957837296875001 0.7767857140625 0.997519840625 0.796957671875 0.99677579375 0.7992724875 0.9950396828124999 0.8015873015625001 0.9913194437499999 0.8019179890625001 0.9794146828124999 0.8005952375 0.9754464281249999 0.7949735453125 0.9677579359375 0.79431216875 0.96552579375 0.7919973546875 0.9635416671874999 0.791005290625 0.9605654765624999 0.7876984125 0.9580853171875001 0.7794312171875 0.955605159375 0.765211640625 0.956101190625 0.750661375 0.9543650796875 0.740079365625 0.955605159375 0.7367724875 0.9568452375 0.734788359375 0.955605159375 0.7304894187500001 0.955605159375 0.7232142859375 0.953373015625 0.7166005296875 0.953373015625 0.7106481484375 0.9518849203125 0.7076719578125 0.9521329359375 0.703042328125 0.9543650796875 0.6984126984375 0.9553571421875 0.6891534390625 0.9541170640625 0.6822089953125 0.9516369046875001 0.6703042328125 0.9518849203125 0.6643518515625 0.9541170640625 0.6577380953125 0.953373015625 0.6524470906250001 0.950396825 0.6451719578125 0.9491567453125 0.625661375 0.9491567453125 0.6230158734375 0.9481646828124999 0.6170634921875 0.9491567453125 0.6048280421875 0.9491567453125 0.603174603125 0.9481646828124999 0.5949074078125001 0.9466765875 0.5916005296875 0.9484126984374999 0.5929232796874999 0.9546130953124999 0.590939153125 0.959325396875 0.5853174609375 0.962549603125 0.58101851875 0.963045634375 0.5770502640624999 0.9677579359375 0.577380953125 0.9756944437499999 0.58101851875 0.981646825 0.5826719578125 0.9828869046875001 0.5879629625 0.984375
2 0.83134920625 0.7958829359374999 0.83068783125 0.796875 0.83167989375 0.796130953125 0.833664021875 0.796626984375 0.83134920625 0.7958829359374999