0 0.0941666671875 0.13916666718749998 0.0941666671875 0.14416666718749999 0.0966666671875 0.13916666718749998 0.0941666671875 0.13916666718749998
0 0.15 0.11000000000000001 0.15 0.1125 0.1516666671875 0.1116666671875 0.15 0.11000000000000001
0 0.178125 0.09765625 0.00234375 0.00234375
0 0.18828125 0.08828125 0.0015625 0.00234375
0 0.25666666718750003 0.0775 0.25916666718750003 0.075 0.2575 0.0716666671875 0.25666666718750003 0.0775
0 0.20416666718749998 0.0775 0.2 0.075 0.20416666718749998 0.06999999999999999 0.1975 0.06999999999999999 0.2 0.07416666718750001 0.1983333328125 0.0783333328125 0.20416666718749998 0.0775
0 0.31953125 0.06328125 0.00078125 0.0015625
0 0.3241666671875 0.06 0.3266666671875 0.0616666671875 0.3275 0.0591666671875 0.3241666671875 0.06
0 0.3166666671875 0.054166667187499996 0.3166666671875 0.0591666671875 0.32 0.0566666671875 0.3166666671875 0.054166667187499996
0 0.2166666671875 0.0925 0.21749999999999997 0.0875 0.2266666671875 0.0858333328125 0.22916666718749998 0.0791666671875 0.2341666671875 0.0866666671875 0.2475 0.0641666671875 0.2575 0.0666666671875 0.26 0.0641666671875 0.2725 0.0641666671875 0.275 0.0591666671875 0.27749999999999997 0.06 0.2725 0.057499999999999996 0.27749999999999997 0.0508333328125 0.2791666671875 0.0491666671875 0.28500000000000003 0.0516666671875 0.2883333328125 0.0458333328125 0.2975 0.054166667187499996 0.2991666671875 0.0625 0.3066666671875 0.0616666671875 0.3091666671875 0.057499999999999996 0.3075 0.0508333328125 0.31416666718749997 0.0491666671875 0.31416666718749997 0.045 0.3066666671875 0.0491666671875 0.3025 0.0441666671875 0.2991666671875 0.0441666671875 0.3016666671875 0.0366666671875 0.2916666671875 0.0366666671875 0.2858333328125 0.04 0.27 0.042499999999999996 0.25833333281250004 0.05 0.25 0.05 0.22833333281249998 0.0591666671875 0.21916666718750002 0.06 0.2166666671875 0.0641666671875 0.2108333328125 0.0658333328125 0.21000000000000002 0.07416666718750001 0.215 0.0875 0.2125 0.0925 0.2166666671875 0.0925
0 0.32 0.0366666671875 0.32 0.029166667187500002 0.31 0.031666667187500004 0.3075 0.0341666671875 0.3091666671875 0.0375 0.3125 0.0391666671875 0.32 0.0366666671875
0 0.335 0.031666667187500004 0.3325 0.034999999999999996 0.335 0.0366666671875 0.3375 0.029166667187500002 0.34500000000000003 0.029166667187500002 0.3491666671875 0.0225 0.3466666671875 0.02 0.3491666671875 0.017499999999999998 0.3408333328125 0.0233333328125 0.3375 0.02 0.33166666718750004 0.0225 0.3308333328125 0.027500000000000004 0.3258333328125 0.027500000000000004 0.3266666671875 0.031666667187500004 0.32999999999999996 0.031666667187500004 0.3308333328125 0.029166667187500002 0.335 0.031666667187500004
0 0.44000000000000006 0.017499999999999998 0.4425 0.0191666671875 0.44166666718750003 0.0141666671875 0.44000000000000006 0.017499999999999998
0 0.41166666718749995 0.017499999999999998 0.41500000000000004 0.0141666671875 0.41 0.0091666671875 0.4091666671875 0.0125 0.40499999999999997 0.0141666671875 0.40833333281249995 0.013333332812500001 0.41166666718749995 0.017499999999999998
0 0.3516666671875 0.0141666671875 0.3541666671875 0.0225 0.36 0.0225 0.3616666671875 0.02 0.3641666671875 0.0225 0.375 0.0225 0.3791666671875 0.0183333328125 0.3825 0.0225 0.39 0.0225 0.3966666671875 0.0266666671875 0.3975 0.0216666671875 0.395 0.0183333328125 0.3975 0.0141666671875 0.4016666671875 0.0141666671875 0.3991666671875 0.013333332812500001 0.4 0.0075 0.3975 0.005 0.38166666718750003 0.0075 0.3791666671875 0.01 0.375 0.0091666671875 0.3725 0.0141666671875 0.3516666671875 0.0141666671875
0 0.6816666671875 0 0.6741666671875 0.0041666671875 0.6675 0 0.5191666671874999 0.0016666671875 0.51 0.0091666671875 0.49833333281250003 0.0125 0.4766666671875 0.015 0.4591666671875 0.0225 0.43666666718749997 0.025 0.43333333281249997 0.030833332812499996 0.40499999999999997 0.042499999999999996 0.3883333328125 0.057499999999999996 0.3741666671875 0.06 0.3541666671875 0.0591666671875 0.3325 0.065 0.3308333328125 0.0675 0.3166666671875 0.0675 0.31 0.075 0.2958333328125 0.0791666671875 0.28500000000000003 0.0791666671875 0.27749999999999997 0.09 0.2608333328125 0.0966666671875 0.2475 0.0966666671875 0.2416666671875 0.0925 0.2366666671875 0.0975 0.2325 0.0941666671875 0.23333333281250002 0.10166666718749999 0.22000000000000003 0.10500000000000001 0.2125 0.1116666671875 0.1875 0.12166666718750001 0.1716666671875 0.12250000000000001 0.16833333281250001 0.125 0.155 0.12166666718750001 0.1516666671875 0.1075 0.1591666671875 0.1066666671875 0.1675 0.10166666718749999 0.1708333328125 0.0941666671875 0.17916666718750002 0.0941666671875 0.18416666718750002 0.09 0.1825 0.0841666671875 0.1875 0.0775 0.1816666671875 0.075 0.1325 0.0925 0.125 0.1041666671875 0.11916666718749999 0.1 0.1158333328125 0.10166666718749999 0.11499999999999999 0.0991666671875 0.1116666671875 0.0991666671875 0.0875 0.1075 0.08249999999999999 0.1116666671875 0.07416666718750001 0.1116666671875 0.0625 0.11916666718749999 0.054166667187499996 0.11916666718749999 0.0225 0.1316666671875 0.0141666671875 0.1325 0.005 0.13916666718749998 0.0075 0.155 0.017499999999999998 0.16999999999999998 0.025 0.1741666671875 0.025 0.1816666671875 0.0341666671875 0.1941666671875 0.0391666671875 0.2108333328125 0.0516666671875 0.22833333281249998 0.054166667187499996 0.2408333328125 0.07666666718750001 0.28500000000000003 0.0866666671875 0.3158333328125 0.10166666718749999 0.3491666671875 0.10166666718749999 0.3566666671875 0.11416666718749999 0.385 0.1291666671875 0.43333333281249997 0.1416666671875 0.4608333328125 0.1416666671875 0.46666666718750005 0.1491666671875 0.48166666718749995 0.1525 0.4966666671875 0.1566666671875 0.5016666671875 0.1616666671875 0.5241666671874999 0.16999999999999998 0.5416666671875 0.18 0.5766666671875 0.18416666718750002 0.5825 0.1916666671875 0.6116666671875 0.2 0.6258333328125001 0.215 0.6775 0.22999999999999998 0.7116666671874999 0.2325 0.7266666671875 0.2391666671875 0.7391666671875 0.24 0.7491666671874999 0.24666666718750002 0.76 0.26 0.805 0.27999999999999997 0.8550000000000001 0.2816666671875 0.8666666671875 0.2941666671875 0.8941666671874999 0.2975 0.9099999999999999 0.3116666671875 0.9475 0.31916666718750003 0.9925 0.3241666671875 0.9991666671875 0.33999999999999997 0.9991666671875 0.34500000000000003 0.9949999999999999 0.3508333328125 0.9949999999999999 0.3566666671875 0.9991666671875 0.375 0.9991666671875 0.3891666671875 0.9925 0.41166666718749995 0.9991666671875 0.43 0.9991666671875 0.43166666718749996 0.9966666671875 0.43916666718749997 0.9991666671875 0.45499999999999996 0.9991666671875 0.465 0.9949999999999999 0.4725 0.9949999999999999 0.475 0.9991666671875 0.5116666671875 0.9991666671875 0.5133333328125 0.9966666671875 0.5416666671875 0.9991666671875 0.5508333328125 0.9949999999999999 0.6016666671875 0.9866666671875001 0.6166666671875001 0.9775 0.6391666671875 0.9716666671875 0.6416666671875 0.9716666671875 0.6441666671874999 0.9775 0.64 0.9800000000000001 0.64 0.9875 0.6516666671875 0.9875 0.6633333328125001 0.9833333328125 0.665 0.9791666671874999 0.6625 0.9741666671875 0.6666666671875 0.97 0.6666666671875 0.9616666671875 0.6816666671875 0.9550000000000001 0.6991666671875 0.9516666671875 0.7233333328125 0.9400000000000001 0.7516666671875 0.9375 0.775 0.9275 0.7975 0.925 0.8025 0.9199999999999999 0.8416666671874999 0.9116666671875 0.845 0.9075 0.8558333328125001 0.9025000000000001 0.8841666671875 0.8991666671875 0.9216666671875 0.885 0.9666666671874999 0.8775000000000001 0.9808333328125001 0.8724999999999999 0.9925 0.865 0.9925 0.8550000000000001 0.9875 0.8458333328125001 0.985 0.8324999999999999 0.9766666671875001 0.8216666671875 0.9708333328125001 0.8083333328125001 0.9641666671875001 0.8025 0.9516666671875 0.7625 0.915 0.6883333328125001 0.8866666671875001 0.6075 0.8766666671875001 0.5866666671874999 0.8724999999999999 0.5691666671875 0.8625 0.5483333328125 0.8591666671875 0.5316666671875 0.85 0.5116666671875 0.8291666671875 0.4425 0.8216666671875 0.42833333281249997 0.8025 0.36 0.79 0.32999999999999996 0.79 0.3225 0.7841666671875 0.305 0.7766666671875 0.2925 0.7766666671875 0.2841666671875 0.7516666671875 0.2116666671875 0.7516666671875 0.20416666718749998 0.745 0.1883333328125 0.745 0.1825 0.7375 0.16833333281250001 0.7216666671875 0.10166666718749999 0.7116666671874999 0.07416666718750001 0.7091666671875 0.052500000000000005 0.7041666671875 0.0391666671875 0.7016666671875 0.01 0.6975 0 0.6816666671875 0
0 0.46749999999999997 0 0.465 0.0041666671875 0.4725 0.0075 0.475 0.005 0.47416666718749995 0 0.46749999999999997 0
0 0.4225 0.0083333328125 0.41916666718749995 0.0166666671875 0.425 0.0191666671875 0.42750000000000005 0.015 0.43499999999999994 0.0141666671875 0.43499999999999994 0.01 0.44166666718750003 0.0091666671875 0.4441666671875 0.0041666671875 0.4375 0 0.43499999999999994 0.0025 0.41166666718749995 0.005 0.4183333328125 0.005 0.4225 0.0083333328125